0 0.6859375 0.5 0.6890625 0.503125 0.6890625 0.5421875 0.6859375 0.55625 0.684375 0.5828125 0.678125 0.5828125 0.6765625 0.578125 0.6765625 0.5484375 0.675 0.546875 0.6765625 0.5328125 0.675 0.5265625 0.6703125 0.521875 0.6734375 0.5046875 0.6765625 0.5015625 0.675 0.490625 0.6796875 0.4875 0.6828125 0.490625 0.684375 0.5
0 0.328125 0.4625 0.33125 0.4609375 0.3375 0.4625 0.3390625 0.4890625 0.346875 0.4953125 0.35 0.5015625 0.35 0.5203125 0.3484375 0.5265625 0.34375 0.5296875 0.346875 0.5671875 0.3421875 0.5828125 0.3421875 0.6203125 0.3390625 0.6265625 0.3375 0.640625 0.334375 0.6421875 0.3265625 0.6390625 0.321875 0.6296875 0.3234375 0.6109375 0.31875 0.5640625 0.321875 0.51875 0.3171875 0.5109375 0.309375 0.509375 0.309375 0.5046875 0.325 0.4875 0.328125 0.4640625
0 0.7078125 0.49375 0.7109375 0.4921875 0.7109375 0.478125 0.715625 0.475 0.7171875 0.490625 0.7234375 0.4984375 0.7234375 0.509375 0.7203125 0.51875 0.7203125 0.540625 0.715625 0.5484375 0.7171875 0.5578125 0.7125 0.5625 0.709375 0.5609375 0.709375 0.553125 0.70625 0.546875 0.7078125 0.515625 0.7015625 0.50625 0.703125 0.4984375 0.7078125 0.4953125
0 0.5609375 0.4625 0.56875 0.4625 0.571875 0.46875 0.56875 0.484375 0.5765625 0.49375 0.5765625 0.5171875 0.5734375 0.53125 0.5734375 0.54375 0.5765625 0.559375 0.5765625 0.5875 0.578125 0.5890625 0.578125 0.603125 0.571875 0.603125 0.5703125 0.6 0.571875 0.5890625 0.5703125 0.56875 0.56875 0.5640625 0.5640625 0.5625 0.5609375 0.5734375 0.5609375 0.603125 0.55625 0.603125 0.5546875 0.5953125 0.55625 0.53125 0.5515625 0.5078125 0.5546875 0.5015625 0.5546875 0.4953125 0.5609375 0.4859375 0.559375 0.4828125 0.559375 0.465625 0.5609375 0.4640625
0 0.4359375 0.5109375 0.4421875 0.515625 0.4390625 0.5265625 0.4390625 0.5921875 0.4359375 0.596875 0.4328125 0.5796875 0.4328125 0.5609375 0.434375 0.559375 0.4328125 0.546875 0.4359375 0.5375 0.4359375 0.5125
0 0.421875 0.5390625 0.02890625 0.128125
0 0.3890625 0.45 0.3921875 0.453125 0.390625 0.478125 0.4015625 0.4875 0.403125 0.49375 0.4046875 0.5015625 0.403125 0.5171875 0.40625 0.5265625 0.40625 0.540625 0.409375 0.546875 0.4078125 0.5578125 0.4046875 0.553125 0.403125 0.546875 0.4046875 0.54375 0.3984375 0.5203125 0.3953125 0.5171875 0.384375 0.51875 0.3828125 0.5375 0.390625 0.5453125 0.3984375 0.546875 0.3890625 0.6234375 0.3890625 0.6296875 0.39375 0.6375 0.39375 0.640625 0.390625 0.6421875 0.3828125 0.6421875 0.3734375 0.6375 0.375 0.59375 0.3765625 0.5921875 0.375 0.5515625 0.3734375 0.55 0.371875 0.5515625 0.36875 0.5671875 0.365625 0.5640625 0.3640625 0.5515625 0.3640625 0.540625 0.36875 0.521875 0.3671875 0.5203125 0.36875 0.51875 0.3671875 0.496875 0.3703125 0.4875 0.3796875 0.478125 0.378125 0.4671875 0.3796875 0.4515625 0.384375 0.4484375 0.3875 0.45
0 0.59921875 0.53203125 0.025 0.1390625
0 0.546875 0.4625 0.553125 0.46875 0.553125 0.4859375 0.55625 0.4875 0.5515625 0.50625 0.553125 0.53125 0.5390625 0.5296875 0.540625 0.521875 0.5390625 0.490625 0.5421875 0.4859375 0.5421875 0.4703125 0.5453125 0.4640625
0 0.521875 0.459375 0.5265625 0.4640625 0.5265625 0.478125 0.534375 0.4859375 0.5375 0.4953125 0.5375 0.521875 0.5328125 0.528125 0.5328125 0.546875 0.53125 0.5484375 0.5328125 0.5671875 0.528125 0.603125 0.5140625 0.6015625 0.5203125 0.590625 0.51875 0.5703125 0.515625 0.559375 0.5140625 0.5203125 0.5125 0.51875 0.5109375 0.5203125 0.5078125 0.5296875 0.503125 0.5328125 0.5046875 0.525 0.5078125 0.521875 0.5125 0.4875 0.515625 0.484375 0.515625 0.4671875 0.5171875 0.4625 0.5203125 0.4609375
0 0.475 0.4484375 0.4796875 0.4515625 0.4828125 0.4609375 0.48125 0.4828125 0.4953125 0.4984375 0.4984375 0.50625 0.4984375 0.540625 0.503125 0.5671875 0.5015625 0.584375 0.4984375 0.5921875 0.49375 0.5828125 0.4921875 0.58125 0.490625 0.5828125 0.4859375 0.615625 0.4875 0.63125 0.48125 0.665625 0.4796875 0.690625 0.4703125 0.690625 0.4703125 0.68125 0.4671875 0.678125 0.4625 0.6828125 0.459375 0.678125 0.4609375 0.6484375 0.4578125 0.64375 0.4578125 0.6375 0.4515625 0.6171875 0.4515625 0.5859375 0.446875 0.56875 0.44375 0.540625 0.446875 0.515625 0.45 0.509375 0.45 0.496875 0.4671875 0.4796875 0.465625 0.471875 0.4671875 0.4546875 0.4734375 0.4484375