0 0.6859375 0.634375 0.6890625 0.6328125 0.696875 0.634375 0.6953125 0.65 0.6890625 0.659375 0.6890625 0.6984375 0.6859375 0.7140625 0.6890625 0.7234375 0.690625 0.7484375 0.6984375 0.7734375 0.6890625 0.778125 0.684375 0.771875 0.684375 0.7484375 0.6828125 0.74375 0.6796875 0.7421875 0.671875 0.7640625 0.6734375 0.7765625 0.6703125 0.7796875 0.665625 0.7796875 0.6609375 0.7765625 0.6609375 0.771875 0.6640625 0.76875 0.6671875 0.740625 0.6734375 0.721875 0.671875 0.715625 0.6734375 0.659375 0.675 0.6546875 0.6828125 0.6484375 0.6828125 0.6421875 0.6859375 0.6359375
0 0.553125 0.6359375 0.55625 0.6375 0.55625 0.64375 0.5625 0.659375 0.5625 0.68125 0.559375 0.6859375 0.5609375 0.709375 0.55625 0.7265625 0.55625 0.7703125 0.553125 0.7765625 0.5546875 0.7828125 0.553125 0.79375 0.540625 0.79375 0.5375 0.790625 0.5390625 0.7859375 0.5453125 0.78125 0.5484375 0.76875 0.54375 0.734375 0.540625 0.725 0.5421875 0.7234375 0.5421875 0.68125 0.5453125 0.659375 0.54375 0.6453125 0.546875 0.6375 0.5515625 0.6359375
0 0.0640625 0.778125 0.0734375 0.7859375 0.08125 0.7859375 0.084375 0.790625 0.084375 0.796875 0.08125 0.8 0.0765625 0.8 0.071875 0.796875 0.065625 0.8 0.0671875 0.8015625 0.065625 0.8140625 0.0703125 0.825 0.0703125 0.83125 0.065625 0.840625 0.0734375 0.8484375 0.075 0.8546875 0.0796875 0.859375 0.08125 0.8625 0.0796875 0.865625 0.0578125 0.865625 0.0546875 0.859375 0.05625 0.8421875 0.05 0.834375 0.0453125 0.8109375 0.040625 0.80625 0.0328125 0.803125 0.03125 0.8 0.009375 0.7984375 0.0046875 0.7921875 0.00625 0.771875 0.0234375 0.740625 0.0328125 0.7296875 0.0453125 0.7234375 0.05 0.71875 0.0609375 0.7015625 0.06875 0.7015625 0.0734375 0.70625 0.0765625 0.725 0.0734375 0.73125 0.05625 0.74375 0.05625 0.7671875 0.0625 0.778125
0 0.2078125 0.621875 0.209375 0.6234375 0.2078125 0.6578125 0.2125 0.665625 0.209375 0.6765625 0.2109375 0.6953125 0.203125 0.709375 0.2015625 0.725 0.1984375 0.725 0.19375 0.7203125 0.1953125 0.70625 0.1984375 0.6984375 0.1953125 0.6859375 0.196875 0.6734375 0.1953125 0.64375 0.2 0.6296875 0.203125 0.6234375 0.20625 0.621875
0 0.6015625 0.70625 0.6 0.6890625 0.603125 0.6796875 0.603125 0.66875 0.6078125 0.65625 0.60625 0.65 0.6078125 0.6453125 0.6171875 0.64375 0.61875 0.659375 0.621875 0.6640625 0.625 0.678125 0.621875 0.715625 0.61875 0.715625 0.6109375 0.7078125 0.6109375 0.703125 0.6078125 0.7 0.6046875 0.7 0.6015625 0.7046875
0 0.25 0.6265625 0.253125 0.625 0.2578125 0.6265625 0.2609375 0.6375 0.2609375 0.6515625 0.2671875 0.6578125 0.2765625 0.6734375 0.275 0.69375 0.2671875 0.7046875 0.26875 0.7171875 0.2671875 0.7625 0.2625 0.771875 0.2609375 0.7828125 0.2625 0.8078125 0.259375 0.8140625 0.253125 0.8125 0.2453125 0.8140625 0.24375 0.809375 0.246875 0.803125 0.240625 0.7796875 0.2421875 0.703125 0.234375 0.6953125 0.234375 0.675 0.2359375 0.66875 0.246875 0.6515625 0.2453125 0.6359375 0.25 0.628125
0 0.4546875 0.68125 0.4609375 0.68125 0.4640625 0.684375 0.4640625 0.7015625 0.4703125 0.70625 0.475 0.715625 0.46875 0.753125 0.4625 0.7546875 0.45625 0.7484375 0.4484375 0.759375 0.45 0.7640625 0.4578125 0.7640625 0.45625 0.7703125 0.4578125 0.796875 0.45625 0.7984375 0.45 0.796875 0.4515625 0.7828125 0.45 0.771875 0.446875 0.76875 0.446875 0.7578125 0.44375 0.746875 0.44375 0.7234375 0.4453125 0.7109375 0.4546875 0.7 0.453125 0.6953125 0.4546875 0.6828125
0 0.6359375 0.6296875 0.6421875 0.6296875 0.6453125 0.6328125 0.640625 0.6515625 0.64375 0.671875 0.6421875 0.6734375 0.6453125 0.68125 0.6421875 0.6921875 0.6421875 0.7109375 0.64375 0.7125 0.6421875 0.74375 0.6375 0.75625 0.640625 0.7640625 0.640625 0.771875 0.6390625 0.775 0.6296875 0.7796875 0.621875 0.775 0.625 0.7671875 0.6234375 0.7171875 0.628125 0.68125 0.6265625 0.6578125 0.6296875 0.65 0.6296875 0.6421875 0.6359375 0.63125
0 0.025 0.6171875 0.028125 0.621875 0.025 0.65 0.034375 0.659375 0.0359375 0.6640625 0.034375 0.6734375 0.0375 0.690625 0.0296875 0.703125 0.0296875 0.73125 0.021875 0.740625 0.0015625 0.7765625 0 0.775 0 0.715625 0.0015625 0.7140625 0 0.653125 0.0125 0.646875 0.0125 0.6265625 0.0171875 0.6171875 0.0203125 0.615625 0.0234375 0.6171875
0 0.340625 0.6875 0.3515625 0.6859375 0.353125 0.6890625 0.3515625 0.70625 0.34375 0.7234375 0.3453125 0.7296875 0.353125 0.7328125 0.3515625 0.740625 0.3546875 0.7546875 0.3546875 0.7640625 0.3515625 0.76875 0.353125 0.8015625 0.35 0.8046875 0.334375 0.8046875 0.334375 0.7671875 0.3359375 0.765625 0.334375 0.753125 0.3109375 0.75 0.303125 0.7421875 0.3109375 0.721875 0.325 0.696875 0.340625 0.6890625
0 0.396875 0.690625 0.4015625 0.6984375 0.4 0.70625 0.4078125 0.7171875 0.4046875 0.746875 0.40625 0.7546875 0.4046875 0.775 0.40625 0.7765625 0.40625 0.7984375 0.4109375 0.80625 0.4078125 0.809375 0.4015625 0.8078125 0.396875 0.796875 0.3984375 0.778125 0.3953125 0.7671875 0.3984375 0.759375 0.396875 0.75 0.3984375 0.728125 0.390625 0.7203125 0.3796875 0.721875 0.378125 0.7203125 0.3796875 0.709375 0.3875 0.703125 0.3890625 0.6953125 0.3953125 0.6921875
0 0.22734375 0.6734375 0.01875 0.1046875