0 0.315625 0.353125 0.325 0.3640625 0.328125 0.3828125 0.3375 0.3875 0.340625 0.40625 0.346875 0.41875 0.3453125 0.45 0.3421875 0.45625 0.3421875 0.4796875 0.3390625 0.490625 0.3359375 0.490625 0.334375 0.475 0.334375 0.465625 0.3390625 0.45625 0.334375 0.43125 0.33125 0.4234375 0.315625 0.409375 0.3125 0.3984375 0.3109375 0.3734375 0.3140625 0.36875 0.3140625 0.3640625 0.30625 0.353125 0.3078125 0.3515625 0.3140625 0.353125
0 0.70625 0.44375 0.7125 0.446875 0.7140625 0.490625 0.71875 0.5 0.7109375 0.528125 0.7078125 0.528125 0.7046875 0.515625 0.7 0.509375 0.6984375 0.5 0.7 0.4796875 0.703125 0.471875 0.703125 0.4578125 0.70625 0.4453125
0 0.2953125 0.5234375 0.29375 0.5125 0.2859375 0.5 0.2859375 0.490625 0.2890625 0.4875 0.2890625 0.4671875 0.296875 0.4375 0.3 0.446875 0.3 0.4671875 0.303125 0.478125 0.3015625 0.49375 0.30625 0.5046875 0.30625 0.509375 0.3 0.521875 0.296875 0.5234375
0 0.165625 0.184375 0.1671875 0.1859375 0.165625 0.203125 0.171875 0.209375 0.171875 0.2171875 0.165625 0.23125 0.1671875 0.234375 0.1609375 0.25625 0.1578125 0.284375 0.1515625 0.3015625 0.1515625 0.3140625 0.1546875 0.3296875 0.1609375 0.3375 0.1640625 0.35625 0.165625 0.396875 0.178125 0.421875 0.178125 0.453125 0.171875 0.459375 0.171875 0.4703125 0.1671875 0.484375 0.1609375 0.490625 0.15625 0.4921875 0.15 0.5 0.15 0.5125 0.153125 0.5203125 0.1515625 0.534375 0.15 0.540625 0.1421875 0.5484375 0.1375 0.5484375 0.1296875 0.5421875 0.1265625 0.53125 0.1265625 0.5125 0.13125 0.4984375 0.13125 0.4890625 0.121875 0.4796875 0.11875 0.4734375 0.1171875 0.440625 0.1203125 0.428125 0.1203125 0.4125 0.1171875 0.40625 0.1171875 0.4 0.121875 0.3890625 0.1234375 0.39375 0.125 0.3953125 0.1265625 0.39375 0.128125 0.38125 0.125 0.36875 0.140625 0.315625 0.140625 0.30625 0.1328125 0.296875 0.1328125 0.2796875 0.140625 0.2625 0.14375 0.234375 0.1484375 0.215625 0.14375 0.1859375 0.1640625 0.184375
0 0.20625 0.3484375 0.209375 0.3484375 0.2125 0.3609375 0.2203125 0.3765625 0.2359375 0.3875 0.2375 0.390625 0.234375 0.4171875 0.225 0.45 0.21875 0.4578125 0.209375 0.45625 0.2046875 0.4140625 0.209375 0.3953125 0.20625 0.35
0 0.721875 0.44375 0.728125 0.4421875 0.7296875 0.446875 0.73125 0.5078125 0.7328125 0.509375 0.7296875 0.5265625 0.728125 0.5296875 0.725 0.5296875 0.721875 0.521875 0.7203125 0.5015625 0.7171875 0.496875 0.715625 0.4828125 0.7203125 0.4703125 0.721875 0.4453125
0 0.0484375 0.009375 0.109375 0.009375 0.1109375 0.0140625 0.1078125 0.0390625 0.1078125 0.0546875 0.109375 0.05625 0.1078125 0.078125 0.1015625 0.1078125 0.1015625 0.1234375 0.0953125 0.1421875 0.096875 0.1453125 0.096875 0.1671875 0.0953125 0.16875 0.103125 0.178125 0.1046875 0.19375 0.128125 0.2125 0.13125 0.2171875 0.13125 0.23125 0.134375 0.234375 0.134375 0.240625 0.128125 0.296875 0.1375 0.3078125 0.1359375 0.3265625 0.1296875 0.3390625 0.125 0.359375 0.109375 0.3953125 0.1015625 0.4046875 0.0921875 0.4078125 0.090625 0.4109375 0.075 0.41875 0.0703125 0.41875 0.0546875 0.4265625 0.05 0.43125 0.0484375 0.453125 0.0546875 0.475 0.05625 0.5078125 0.053125 0.5328125 0.04375 0.5546875 0.028125 0.565625 0.0140625 0.565625 0.0015625 0.5578125 0 0.453125 0.003125 0.4515625 0.003125 0.446875 0.0109375 0.434375 0.0109375 0.421875 0 0.415625 0 0.359375 0.0015625 0.3578125 0 0.3515625 0 0.0109375 0.0390625 0.0109375 0.0453125 0.0171875 0.0484375 0.0109375
0 0.2625 0.4140625 0.265625 0.4109375 0.2703125 0.4140625 0.2703125 0.428125 0.2734375 0.4296875 0.2765625 0.4171875 0.275 0.4125 0.2765625 0.4109375 0.2828125 0.4125 0.2828125 0.4234375 0.278125 0.4453125 0.278125 0.459375 0.28125 0.4734375 0.278125 0.5125 0.275 0.5171875 0.2703125 0.515625 0.2671875 0.503125 0.26875 0.496875 0.265625 0.4875 0.2671875 0.4765625 0.2640625 0.459375 0.265625 0.4578125 0.2640625 0.415625
0 0.1984375 0.196875 0.203125 0.2 0.2046875 0.2078125 0.2015625 0.2203125 0.2015625 0.246875 0.1953125 0.28125 0.1953125 0.2953125 0.1890625 0.321875 0.1921875 0.328125 0.1921875 0.3453125 0.196875 0.3515625 0.203125 0.3765625 0.2 0.3984375 0.2046875 0.41875 0.2078125 0.4734375 0.2015625 0.490625 0.19375 0.5015625 0.1875 0.5046875 0.1875 0.5109375 0.184375 0.5140625 0.18125 0.534375 0.178125 0.540625 0.1703125 0.546875 0.1609375 0.5421875 0.15625 0.53125 0.15625 0.51875 0.1609375 0.503125 0.1671875 0.490625 0.171875 0.4859375 0.1734375 0.4609375 0.1796875 0.453125 0.1796875 0.425 0.178125 0.4171875 0.175 0.4140625 0.1671875 0.39375 0.1671875 0.3640625 0.1640625 0.3484375 0.1640625 0.3328125 0.1609375 0.325 0.1640625 0.3171875 0.1625 0.3125 0.1640625 0.3078125 0.1625 0.30625 0.1546875 0.3078125 0.1546875 0.3 0.1640625 0.3015625 0.1671875 0.2984375 0.1671875 0.29375 0.1703125 0.2921875 0.16875 0.284375 0.1609375 0.2859375 0.1609375 0.2703125 0.16875 0.24375 0.1703125 0.2234375 0.1765625 0.2140625 0.18125 0.215625 0.1828125 0.2140625 0.175 0.1984375 0.190625 0.1953125 0.196875 0.196875
0 0.5953125 0.4484375 0.59375 0.4890625 0.5921875 0.490625 0.59375 0.503125 0.5890625 0.50625 0.5828125 0.5 0.5859375 0.48125 0.5796875 0.475 0.5796875 0.46875 0.5859375 0.45 0.59375 0.4484375
0 0.115625 0.3890625 0.1171875 0.3921875 0.115625 0.4078125 0.1203125 0.415625 0.1171875 0.4421875 0.1125 0.4578125 0.1125 0.46875 0.10625 0.484375 0.1046875 0.5125 0.1 0.5171875 0.09375 0.5171875 0.0828125 0.5078125 0.078125 0.4984375 0.078125 0.4921875 0.0703125 0.4765625 0.06875 0.4546875 0.0640625 0.44375 0.0625 0.428125 0.1 0.409375 0.1125 0.396875 0.1140625 0.390625
0 0.4296875 0.3546875 0.434375 0.3578125 0.4328125 0.3609375 0.434375 0.3703125 0.446875 0.3875 0.4515625 0.4015625 0.4546875 0.4046875 0.465625 0.4078125 0.4734375 0.415625 0.4828125 0.4203125 0.4875 0.428125 0.4875 0.4359375 0.49375 0.440625 0.4953125 0.4515625 0.4875 0.4703125 0.4921875 0.475 0.4890625 0.4921875 0.484375 0.4953125 0.4765625 0.4921875 0.475 0.471875 0.4796875 0.459375 0.4703125 0.4375 0.4640625 0.4328125 0.4625 0.428125 0.453125 0.41875 0.44375 0.41875 0.4390625 0.415625 0.4359375 0.4078125 0.4296875 0.4015625 0.425 0.3796875 0.409375 0.3625 0.4046875 0.3640625 0.4125 0.35625 0.428125 0.35625
0 0.1125 0.475 0.1140625 0.5140625 0.1109375 0.5171875 0.109375 0.53125 0.1078125 0.5328125 0.103125 0.53125 0.103125 0.5171875 0.10625 0.5125 0.1109375 0.4765625
0 0.509375 0.003125 0.4953125 0.0390625 0.4921875 0.0421875 0.4921875 0.0515625 0.496875 0.0609375 0.496875 0.071875 0.5 0.0828125 0.4984375 0.103125 0.5015625 0.1109375 0.5015625 0.1234375 0.5046875 0.128125 0.50625 0.1390625 0.5125 0.146875 0.5140625 0.1609375 0.521875 0.1640625 0.528125 0.159375 0.528125 0.15625 0.53125 0.15625 0.5328125 0.1671875 0.521875 0.165625 0.5171875 0.175 0.5125 0.1765625 0.5125 0.1796875 0.51875 0.1875 0.5265625 0.2125 0.5296875 0.215625 0.5296875 0.2234375 0.534375 0.23125 0.5359375 0.2421875 0.5390625 0.246875 0.5390625 0.2578125 0.5421875 0.2640625 0.5421875 0.2703125 0.55 0.284375 0.5484375 0.2984375 0.5390625 0.3140625 0.5390625 0.31875 0.5265625 0.34375 0.51875 0.36875 0.5140625 0.375 0.509375 0.3953125 0.4984375 0.415625 0.4984375 0.41875 0.5015625 0.4203125 0.496875 0.421875 0.4875 0.41875 0.4828125 0.4140625 0.4734375 0.4125 0.4546875 0.3890625 0.453125 0.3734375 0.446875 0.3703125 0.4421875 0.353125 0.4359375 0.340625 0.434375 0.3265625 0.43125 0.3234375 0.41875 0.26875 0.4140625 0.259375 0.409375 0.25625 0.39375 0.2875 0.384375 0.3203125 0.390625 0.3453125 0.390625 0.3671875 0.3875 0.3859375 0.38125 0.3859375 0.3796875 0.375 0.3734375 0.3765625 0.3640625 0.3984375 0.3625 0.409375 0.3640625 0.41875 0.359375 0.4234375 0.346875 0.4109375 0.346875 0.4046875 0.3421875 0.396875 0.340625 0.38125 0.3375 0.378125 0.3375 0.3671875 0.346875 0.35 0.3546875 0.328125 0.3578125 0.3265625 0.35625 0.3125 0.36875 0.2953125 0.3765625 0.2703125 0.3765625 0.2609375 0.38125 0.25 0.38125 0.2421875 0.384375 0.2375 0.3828125 0.234375 0.4 0.19375 0.409375 0.1828125 0.4140625 0.1828125 0.425 0.19375 0.434375 0.2140625 0.4375 0.215625 0.4453125 0.2078125 0.446875 0.209375 0.4546875 0.225 0.4640625 0.2328125 0.475 0.25 0.4828125 0.2375 0.4828125 0.2296875 0.4859375 0.225 0.484375 0.2078125 0.4875 0.2 0.490625 0.1625 0.49375 0.153125 0.4921875 0.14375 0.49375 0.128125 0.4921875 0.1265625 0.4921875 0.1078125 0.4828125 0.0875 0.478125 0.059375 0.475 0.0546875 0.471875 0.034375 0.471875 0.00625 0.478125 0.003125 0.49375 0.003125 0.4953125 0.0015625 0.5078125 0.003125