0 0.9359375 0.68125 0.95625 0.7015625 0.9703125 0.73125 0.971875 0.7484375 0.965625 0.7578125 0.95 0.7578125 0.9296875 0.76875 0.925 0.7921875 0.91875 0.7984375 0.9171875 0.80625 0.91875 0.81875 0.9125 0.8234375 0.89375 0.8234375 0.8921875 0.821875 0.8984375 0.809375 0.9078125 0.8 0.9078125 0.79375 0.903125 0.7859375 0.9078125 0.7765625 0.9109375 0.759375 0.9078125 0.7546875 0.89375 0.7578125 0.8890625 0.7515625 0.8953125 0.7453125 0.9078125 0.740625 0.9171875 0.73125 0.921875 0.715625 0.9203125 0.7 0.9 0.6859375 0.90625 0.6625 0.9109375 0.6578125 0.91875 0.6578125 0.9234375 0.6640625 0.9234375 0.6703125 0.934375 0.68125
0 0.58125 0.634375 0.5890625 0.6390625 0.590625 0.646875 0.5984375 0.653125 0.6015625 0.665625 0.5859375 0.6640625 0.578125 0.6703125 0.5796875 0.715625 0.5765625 0.7203125 0.5765625 0.7484375 0.5640625 0.75 0.5640625 0.746875 0.56875 0.7390625 0.571875 0.7078125 0.5703125 0.6625 0.5734375 0.6546875 0.578125 0.65 0.5796875 0.6359375
0 0.2578125 0.5703125 0.2625 0.5859375 0.2625 0.6015625 0.2609375 0.603125 0.2625 0.615625 0.259375 0.621875 0.2578125 0.634375 0.259375 0.640625 0.26875 0.65 0.26875 0.65625 0.265625 0.6625 0.2640625 0.6515625 0.259375 0.65 0.25625 0.6640625 0.253125 0.6625 0.2546875 0.6546875 0.25 0.6359375 0.2515625 0.5890625 0.253125 0.5875 0.2515625 0.5765625 0.253125 0.571875 0.25625 0.5703125
0 0.753125 0.6109375 0.7609375 0.6203125 0.7625 0.65 0.7609375 0.6546875 0.753125 0.65625 0.7515625 0.6625 0.753125 0.6671875 0.7515625 0.6984375 0.7453125 0.715625 0.7453125 0.7328125 0.74375 0.734375 0.746875 0.7484375 0.7453125 0.771875 0.73125 0.76875 0.734375 0.74375 0.725 0.7203125 0.725 0.68125 0.7296875 0.6578125 0.7265625 0.65 0.7265625 0.6375 0.7234375 0.634375 0.7234375 0.621875 0.725 0.6125 0.7359375 0.60625 0.7359375 0.584375 0.740625 0.5765625 0.7453125 0.5765625 0.75 0.5828125 0.746875 0.60625 0.7515625 0.6109375
0 0.1234375 0.5890625 0.1265625 0.6015625 0.125 0.6203125 0.128125 0.625 0.128125 0.63125 0.125 0.6375 0.1265625 0.646875 0.13125 0.65625 0.1421875 0.6703125 0.1375 0.678125 0.134375 0.6765625 0.1328125 0.6703125 0.121875 0.6578125 0.1203125 0.653125 0.1171875 0.653125 0.1140625 0.6578125 0.1125 0.6765625 0.1078125 0.6765625 0.109375 0.6359375 0.1125 0.63125 0.1125 0.6203125 0.109375 0.6171875 0.0984375 0.6234375 0.0953125 0.6234375 0.09375 0.6203125 0.096875 0.615625 0.1046875 0.6125 0.1109375 0.603125 0.1125 0.5921875 0.10625 0.5796875 0.1078125 0.571875 0.109375 0.5703125 0.115625 0.571875 0.11875 0.5859375 0.121875 0.5890625
0 0.19453125 0.5609375 0.0109375 0.04921875
0 0.521875 0.6203125 0.5265625 0.6234375 0.5265625 0.6421875 0.5328125 0.65 0.5328125 0.659375 0.51875 0.6578125 0.5109375 0.6625 0.5125 0.665625 0.51875 0.66875 0.5203125 0.6796875 0.5171875 0.6859375 0.5171875 0.6921875 0.5140625 0.6953125 0.5078125 0.6921875 0.509375 0.6671875 0.5046875 0.665625 0.5015625 0.659375 0.5015625 0.6515625 0.5125 0.640625 0.5140625 0.621875 0.5203125 0.6203125
0 0.34921875 0.63671875 0.03046875 0.15
0 0.28125 0.63359375 0.03359375 0.14609375
0 0.3828125 0.575 0.3890625 0.5765625 0.39375 0.5953125 0.3921875 0.63125 0.3875 0.6359375 0.3859375 0.646875 0.3796875 0.65 0.3765625 0.64375 0.375 0.634375 0.3765625 0.625 0.375 0.6234375 0.3765625 0.621875 0.3765625 0.5984375 0.3796875 0.59375 0.3796875 0.584375 0.3828125 0.5765625
0 0.6875 0.578125 0.6890625 0.5921875 0.6984375 0.6015625 0.7015625 0.615625 0.7 0.6171875 0.7 0.6421875 0.69375 0.6484375 0.6921875 0.6640625 0.684375 0.6625 0.6828125 0.6375 0.678125 0.621875 0.678125 0.6 0.6796875 0.5984375 0.678125 0.5828125 0.68125 0.578125 0.6859375 0.578125
0 0.33125 0.58125 0.3359375 0.571875 0.340625 0.571875 0.3421875 0.575 0.3421875 0.584375 0.3359375 0.59375 0.3328125 0.6046875 0.3328125 0.6140625 0.3390625 0.6265625 0.3390625 0.6609375 0.340625 0.6625 0.3390625 0.665625 0.3421875 0.675 0.3390625 0.6875 0.340625 0.70625 0.3375 0.7078125 0.33125 0.70625 0.328125 0.709375 0.321875 0.709375 0.3265625 0.6984375 0.325 0.6890625 0.3265625 0.634375 0.321875 0.6203125 0.321875 0.603125 0.3234375 0.5984375 0.3328125 0.5890625 0.3328125 0.5828125
0 0.41015625 0.6296875 0.021875 0.14765625
0 0.7765625 0.675 0.78125 0.6578125 0.7796875 0.584375 0.7765625 0.575 0.7765625 0.5703125 0.7796875 0.5671875 0.7859375 0.56875 0.7875 0.58125 0.7921875 0.5890625 0.7921875 0.5953125 0.790625 0.596875 0.790625 0.6296875 0.7875 0.6421875 0.784375 0.6453125 0.7875 0.653125 0.784375 0.6625 0.784375 0.675 0.7796875 0.6765625 0.778125 0.675
0 0.4421875 0.5703125 0.45 0.575 0.4484375 0.584375 0.4546875 0.5953125 0.453125 0.6375 0.45625 0.65 0.45625 0.690625 0.453125 0.6921875 0.4515625 0.6640625 0.4453125 0.6578125 0.4453125 0.6453125 0.4390625 0.6359375 0.4359375 0.5921875 0.4390625 0.5859375 0.440625 0.571875
0 0.484375 0.56875 0.4890625 0.5671875 0.4921875 0.5703125 0.4921875 0.59375 0.49375 0.5953125 0.4921875 0.6140625 0.484375 0.6140625 0.48125 0.609375 0.4796875 0.5953125 0.4828125 0.5859375 0.48125 0.5765625 0.484375 0.5703125
0 0.5046875 0.6171875 0.5015625 0.6125 0.5015625 0.60625 0.50625 0.5921875 0.515625 0.58125 0.5140625 0.571875 0.5171875 0.565625 0.5234375 0.5671875 0.5234375 0.58125 0.5296875 0.590625 0.534375 0.60625 0.5328125 0.64375 0.528125 0.6421875 0.528125 0.6265625 0.521875 0.6203125 0.5171875 0.6203125 0.5109375 0.609375 0.5078125 0.609375 0.5046875 0.615625
0 0.7515625 0.56875 0.75625 0.56875 0.7640625 0.5890625 0.7625 0.6203125 0.7484375 0.60625 0.7484375 0.5984375 0.7515625 0.5921875 0.75 0.58125 0.7515625 0.5703125