0 0.2953125 0.6078125 0.3 0.6125 0.3 0.625 0.3078125 0.63125 0.3078125 0.646875 0.309375 0.6484375 0.30625 0.6546875 0.3078125 0.6671875 0.3046875 0.671875 0.3046875 0.6890625 0.3015625 0.69375 0.303125 0.7015625 0.3015625 0.709375 0.3046875 0.71875 0.303125 0.7265625 0.30625 0.7390625 0.3046875 0.74375 0.30625 0.7546875 0.3015625 0.7578125 0.2984375 0.7578125 0.29375 0.753125 0.296875 0.75 0.2984375 0.7421875 0.2921875 0.7171875 0.2890625 0.71875 0.2859375 0.725 0.284375 0.746875 0.278125 0.753125 0.275 0.753125 0.2703125 0.7484375 0.275 0.7390625 0.278125 0.725 0.28125 0.721875 0.2828125 0.70625 0.2859375 0.7046875 0.2875 0.690625 0.290625 0.6875 0.2875 0.671875 0.2921875 0.6515625 0.2921875 0.63125 0.2875 0.625 0.2875 0.615625 0.2890625 0.609375 0.29375 0.6078125
0 0.4359375 0.6296875 0.4390625 0.640625 0.4359375 0.6484375 0.4375 0.659375 0.434375 0.678125 0.4328125 0.7125 0.43125 0.721875 0.4265625 0.73125 0.425 0.74375 0.4203125 0.753125 0.41875 0.7671875 0.4203125 0.7734375 0.428125 0.78125 0.428125 0.784375 0.425 0.7859375 0.4109375 0.784375 0.4125 0.771875 0.4109375 0.765625 0.415625 0.7296875 0.4140625 0.6953125 0.4171875 0.6859375 0.41875 0.65 0.425 0.6390625 0.4265625 0.63125 0.43125 0.628125 0.434375 0.6296875
0 0.8984375 0.75625 0.903125 0.753125 0.9109375 0.753125 0.9140625 0.75625 0.915625 0.765625 0.9203125 0.7703125 0.9203125 0.775 0.9296875 0.7796875 0.940625 0.790625 0.9484375 0.80625 0.946875 0.8078125 0.95 0.8109375 0.9578125 0.834375 0.95625 0.85 0.953125 0.8546875 0.9296875 0.8546875 0.9171875 0.8609375 0.9125 0.865625 0.90625 0.8859375 0.8984375 0.8953125 0.8984375 0.9109375 0.8953125 0.915625 0.871875 0.9140625 0.8734375 0.9078125 0.890625 0.890625 0.8859375 0.88125 0.8859375 0.8765625 0.8890625 0.8734375 0.8953125 0.85 0.8921875 0.846875 0.8796875 0.85 0.8765625 0.8453125 0.8765625 0.840625 0.8796875 0.8359375 0.8890625 0.8359375 0.9015625 0.828125 0.9078125 0.8203125 0.9109375 0.8046875 0.9109375 0.7953125 0.9046875 0.7921875 0.8984375 0.7828125 0.8921875 0.778125 0.8984375 0.7578125
0 0.7734375 0.6578125 0.7765625 0.65625 0.7796875 0.6578125 0.784375 0.6796875 0.784375 0.6890625 0.78125 0.69375 0.7796875 0.721875 0.775 0.73125 0.778125 0.7421875 0.7765625 0.75625 0.76875 0.759375 0.7703125 0.74375 0.7625 0.728125 0.7671875 0.7078125 0.765625 0.7 0.771875 0.690625 0.7734375 0.659375
0 0.365625 0.628125 0.3734375 0.6296875 0.3765625 0.634375 0.3734375 0.6421875 0.378125 0.6546875 0.375 0.690625 0.371875 0.6859375 0.3671875 0.6859375 0.365625 0.6921875 0.3609375 0.69375 0.35625 0.7 0.353125 0.7 0.3546875 0.6609375 0.3625 0.64375 0.365625 0.6296875
0 0.721875 0.659375 0.7265625 0.6546875 0.73125 0.6546875 0.7359375 0.665625 0.7359375 0.671875 0.7328125 0.6734375 0.7328125 0.68125 0.7421875 0.7 0.740625 0.725 0.73125 0.7328125 0.7234375 0.809375 0.715625 0.83125 0.715625 0.840625 0.7015625 0.8421875 0.6984375 0.834375 0.703125 0.8125 0.7 0.778125 0.7015625 0.7765625 0.703125 0.74375 0.70625 0.740625 0.70625 0.73125 0.7015625 0.7234375 0.6984375 0.7078125 0.703125 0.6953125 0.7171875 0.6828125 0.721875 0.6609375
0 0.515625 0.684375 0.521875 0.684375 0.5234375 0.6984375 0.5203125 0.703125 0.5296875 0.7171875 0.528125 0.71875 0.5265625 0.7515625 0.5234375 0.7546875 0.521875 0.7703125 0.515625 0.7765625 0.515625 0.7859375 0.5125 0.7890625 0.5140625 0.8 0.5125 0.8015625 0.50625 0.8 0.509375 0.7875 0.5078125 0.778125 0.5109375 0.7671875 0.51875 0.76875 0.5203125 0.7640625 0.5125 0.7515625 0.5078125 0.75625 0.5 0.7546875 0.4984375 0.740625 0.5 0.7328125 0.4984375 0.7171875 0.5046875 0.7078125 0.5109375 0.7046875 0.5125 0.6890625 0.515625 0.6859375
0 0.328125 0.75625 0.328125 0.7453125 0.3328125 0.7390625 0.3296875 0.728125 0.3296875 0.709375 0.33125 0.69375 0.334375 0.6890625 0.334375 0.6625 0.3421875 0.6359375 0.3390625 0.6203125 0.34375 0.6109375 0.35 0.6125 0.3546875 0.634375 0.353125 0.6390625 0.3546875 0.653125 0.3515625 0.65625 0.3515625 0.6734375 0.35 0.675 0.3515625 0.70625 0.3484375 0.7109375 0.3453125 0.728125 0.3453125 0.74375 0.34375 0.7453125 0.3453125 0.7578125 0.3375 0.7609375 0.3296875 0.75625
0 0.965625 0.675 0.9671875 0.6765625 0.965625 0.7046875 0.975 0.709375 0.9796875 0.71875 0.9765625 0.75 0.971875 0.75625 0.96875 0.7734375 0.9703125 0.7890625 0.96875 0.790625 0.9671875 0.825 0.9609375 0.8359375 0.9515625 0.8109375 0.9484375 0.8078125 0.95 0.80625 0.9390625 0.7875 0.9390625 0.7734375 0.9421875 0.7703125 0.9421875 0.759375 0.9375 0.7515625 0.9359375 0.740625 0.940625 0.728125 0.940625 0.7203125 0.94375 0.7140625 0.953125 0.70625 0.9546875 0.678125 0.9578125 0.6734375 0.9640625 0.675
0 0.6234375 0.703125 0.63125 0.703125 0.634375 0.7046875 0.6375 0.7109375 0.65 0.715625 0.6515625 0.7234375 0.659375 0.7390625 0.659375 0.7453125 0.6640625 0.7546875 0.665625 0.7640625 0.6578125 0.771875 0.65 0.7703125 0.634375 0.771875 0.63125 0.7796875 0.628125 0.821875 0.6125 0.821875 0.609375 0.8171875 0.6125 0.809375 0.6125 0.79375 0.6140625 0.7921875 0.6125 0.775 0.615625 0.76875 0.6171875 0.75 0.625 0.746875 0.628125 0.7375 0.621875 0.721875 0.6234375 0.7203125 0.621875 0.7171875 0.6234375 0.7046875
0 0.58125 0.703125 0.584375 0.7046875 0.5875 0.715625 0.59375 0.721875 0.5953125 0.7328125 0.59375 0.734375 0.578125 0.7328125 0.571875 0.7390625 0.5734375 0.7546875 0.5703125 0.7625 0.5703125 0.7828125 0.565625 0.7921875 0.5671875 0.80625 0.5609375 0.8171875 0.553125 0.8171875 0.5515625 0.8125 0.5578125 0.80625 0.5578125 0.790625 0.5609375 0.784375 0.5609375 0.7734375 0.5640625 0.7625 0.5625 0.7546875 0.565625 0.7265625 0.575 0.7171875 0.5734375 0.709375 0.575 0.7046875 0.5796875 0.703125
0 0.7484375 0.65625 0.75625 0.6671875 0.753125 0.7 0.7484375 0.7125 0.7515625 0.7375 0.75 0.7453125 0.753125 0.7578125 0.746875 0.75625 0.7484375 0.7359375 0.746875 0.728125 0.7421875 0.721875 0.7421875 0.709375 0.7484375 0.6578125